accl_bias: [-4.342596682195816e-07, -3.581072716118436e-18, -0.009999999990570729]
gyro_bias: [-2.66013609366142e-20, -1.933924486945935e-19, -3.870624673211354e-16]

p_meas_noise: 0.0001
r_meas_noise: 0.0001
th_meas_noise: 0.0001