accl_bias: [-2.541270957986483e-08, -2.548812791106519e-16, -0.009999999999966614]
gyro_bias: [5.636182956924585e-16, 1.160923329800569e-17, 2.334659923279456e-10]
lala: 0.7